vertexes
0 Ryiotistr
1 Zwkgu
2 Oucryhfa
3 Utygnryn
4 Zghfazg
5 Erlrhynjpo
6 Tonzingxee
7 Nttnavogal
8 Zehlssd
9 Ixwbzgqf
10 Gltdeoqek
11 Fmsmb
12 Xmro
13 Rbrxeq
14 Gvmuihxn
15 Vthugtn
16 Tmqjdg
17 Akrdohj
18 Nxhn
19 Gccwvj
20 Qffzztpkyw
21 Lgeiwot
22 Ktth
23 Zjdwhpoluw
24 Krzg
25 Qtudxe
26 Aymg
27 Tnshzyfg
28 Nrhsb
29 Cakbydwbb
30 Aoapwvxm
31 Olokrb
32 Gial
33 Mnzln
34 Crfluw
35 Osjje
36 Zpnzio
37 Hyhdntrmge
38 Qvwcss
39 Skcp
40 Regrg
41 Pnhgxnvqe
42 Jkznivrap
43 Kcmx
44 Tbbij
45 Qzaywnv
46 Oekfd
47 Zbqpqax
48 Sulgyn
49 Ofgghgewbs
50 Rexldmmwc
51 Czxlwituxj
52 Bqkmwqlal
53 Cpzs
54 Verqjpr
55 Gnovh
56 Oltxvhv
57 Nvyx
58 Dyvlm
59 Acjrwpwjf
60 Rvyeqvba
61 Rumnrpdqlq
62 Esjylfnhq
63 Ulqzp
64 Isimhd
65 Ausb
66 Mrtslcqy
67 Jibb
68 Jticcfxkt
69 Gwckofy
70 Trnjvfhem
71 Pnavhlxlq
72 Wmcliexwl
73 Xhrgqo
74 Lvzp
75 Dqyvbxgtu
76 Ewrpdqn
77 Oeygmq
78 Vqqygt
79 Ltgbq
80 Pktejmt
81 Mhcrnaa
82 Avzhnyp
83 Ipbtst
84 Igdtprmdt
85 Tnjin
86 Jkiiziaht
87 Ppidxxjd
88 Sugdq
89 Cflruus
90 Eadpami
91 Szcbzbn
92 Cnyzrqb
93 Covri
94 Nppcesqo
95 Komqnnd
96 Rsphjillfz
97 Gkvyzlbd
98 Frpg
99 Hyusdlavdj
100 Fusuwb
101 Twshjvmoof
102 Fniuhax
103 Vtymylishg
104 Tosvvb
105 Ssgpx
106 Dixnivino
107 Iovjgdqage
108 Ucvvnnbe
109 Nive
110 Wzgsp
111 Rdmdlrt
112 Nzhcddx
113 Rbvfhealc
114 Giybzsgox
115 Sqfhrpjvs
116 Hmijspnudr
117 Acbtdvbrs
118 Vidg
119 Brwmykyiu
120 Qjld
121 Budopgjt
122 Aoblr
123 Jjalxbyw
124 Jojbboeplj
125 Fqrv
126 Sktide
127 Xeimf
128 Graxce
129 Aipe
130 Sgkoeeioz
131 Qdnijyvr
132 Gihcmnffv
133 Uprsbhwf
134 Qeif
135 Jotwjm
136 Ewltiyyowu
137 Xorpxnw
138 Pdyhoyv
139 Jgvyw
140 Rramr
141 Qopychpzwn
142 Rspf
143 Hcqjkm
144 Jfxahmrx
145 Wnwjun
146 Lbcqt
147 Tciz
148 Tjhcqm
149 Cwojtkr
150 Gccwpvx
151 Ttojvwi
152 Quzumowe
153 Kpdwim
154 Fqcclb
155 Wukksj
156 Symmua
157 Aekcupzc
158 Dpuis
159 Hqgg
160 Aajlnk
161 Zeaz
162 Xlzaa
163 Ygfuanm
164 Hcqgf
165 Gqttcvuhvt
166 Eedehejnj
167 Dyswyumebv
168 Mqiulcdiw
169 Jcpql
170 Taecpcumar
171 Auxvo
172 Ojbfokdy
173 Ypotin
174 Urjsox
175 Vabbzwqpb
176 Bjrdmrb
177 Wrqqgmexvx
178 Nuwxva
179 Wqmxtfgki
180 Vlrkch
181 Bthfr
182 Eoyr
183 Lrhsjvpeay
184 Rtvtkfvs
185 Gnolguiu
186 Vftvpne
187 Kjlcc
188 Vxrgcmal
189 Sbfwxpqs
190 Qnlpaszfd
191 Mfif
192 Clgnnt
193 Huoy
194 Spmupahec
195 Zhcsrhawlb
196 Jqwna
197 Yoxcsoo
198 Ooxhrxmabe
199 Rgpwjyqaw
edges
0 6 84
0 7 16
0 4 15
0 10 1
1 10 57
1 2 17
1 10 2
2 4 86
2 1 18
2 2 3
3 4 87
3 1 19
3 5 4
4 3 88
4 6 20
4 1 5
5 2 89
5 10 21
5 5 6
6 7 70
6 4 22
6 4 7
7 7 71
7 9 23
7 7 8
8 3 72
8 5 24
8 6 9
9 4 73
9 2 25
9 10 10
10 2 74
10 10 26
10 5 11
11 3 75
11 1 27
11 8 12
12 4 76
12 5 28
12 8 13
13 5 77
13 10 29
13 9 14
14 1 98
14 2 30
14 6 15
15 1 99
15 3 31
16 5 32
16 8 31
16 2 17
17 1 33
17 1 18
18 8 34
18 9 19
19 7 35
19 2 20
20 6 36
20 4 21
21 8 37
21 9 22
22 3 38
22 9 23
23 8 39
23 9 24
24 3 40
24 9 25
25 7 41
25 6 26
26 5 42
26 4 27
27 2 43
27 4 28
28 4 44
28 4 29
29 7 45
29 9 30
30 5 46
30 1 31
31 6 47
32 2 48
32 2 47
32 6 33
33 4 49
33 1 34
34 6 50
34 3 35
35 3 51
35 3 36
36 6 52
36 10 37
37 1 53
37 1 38
38 10 54
38 1 39
39 9 55
39 2 40
40 1 56
40 7 41
41 9 57
41 7 42
42 1 58
42 10 43
43 10 59
43 6 44
44 3 60
44 8 45
45 5 61
45 9 46
46 8 62
46 2 47
47 2 63
48 2 64
48 7 63
48 8 49
49 4 65
49 4 50
50 10 66
50 6 51
51 7 67
51 7 52
52 7 68
52 9 53
53 7 69
53 6 54
54 1 70
54 8 55
55 9 71
55 1 56
56 4 72
56 7 57
57 7 73
57 6 58
58 8 74
58 8 59
59 2 75
59 1 60
60 7 76
60 8 61
61 1 77
61 7 62
62 9 78
62 3 63
63 10 79
64 5 80
64 2 79
64 3 65
65 10 81
65 1 66
66 1 82
66 6 67
67 7 83
67 7 68
68 7 84
68 6 69
69 5 85
69 7 70
70 5 86
70 3 71
71 10 87
71 8 72
72 2 88
72 8 73
73 6 89
73 9 74
74 6 90
74 9 75
75 1 91
75 4 76
76 6 92
76 2 77
77 10 93
77 4 78
78 6 94
78 9 79
79 10 95
80 7 96
80 2 95
80 9 81
81 9 97
81 2 82
82 7 98
82 7 83
83 10 99
83 3 84
84 4 100
84 4 85
85 1 101
85 8 86
86 9 102
86 10 87
87 8 103
87 2 88
88 8 104
88 3 89
89 10 105
89 5 90
90 1 106
90 3 91
91 8 107
91 8 92
92 4 108
92 10 93
93 1 109
93 1 94
94 8 110
94 2 95
95 9 111
96 1 112
96 10 111
96 7 97
97 2 113
97 8 98
98 5 114
98 4 99
99 2 115
99 9 100
100 7 116
100 3 101
101 6 117
101 7 102
102 4 118
102 5 103
103 8 119
103 3 104
104 7 120
104 10 105
105 7 121
105 9 106
106 2 122
106 7 107
107 6 123
107 7 108
108 6 124
108 8 109
109 7 125
109 5 110
110 9 126
110 7 111
111 6 127
112 1 128
112 5 127
112 7 113
113 8 129
113 9 114
114 2 130
114 10 115
115 9 131
115 9 116
116 4 132
116 7 117
117 7 133
117 7 118
118 1 134
118 7 119
119 2 135
119 10 120
120 6 136
120 8 121
121 8 137
121 9 122
122 6 138
122 6 123
123 5 139
123 3 124
124 3 140
124 3 125
125 8 141
125 4 126
126 9 142
126 3 127
127 4 143
128 3 144
128 1 143
128 3 129
129 1 145
129 3 130
130 2 146
130 10 131
131 3 147
131 7 132
132 6 148
132 9 133
133 4 149
133 6 134
134 7 150
134 5 135
135 7 151
135 2 136
136 4 152
136 7 137
137 10 153
137 2 138
138 2 154
138 6 139
139 4 155
139 6 140
140 8 156
140 3 141
141 1 157
141 6 142
142 5 158
142 4 143
143 8 159
144 8 160
144 7 159
144 9 145
145 2 161
145 10 146
146 10 162
146 4 147
147 7 163
147 7 148
148 4 164
148 2 149
149 4 165
149 1 150
150 8 166
150 1 151
151 4 167
151 3 152
152 7 168
152 6 153
153 4 169
153 10 154
154 1 170
154 10 155
155 7 171
155 9 156
156 2 172
156 8 157
157 4 173
157 9 158
158 3 174
158 2 159
159 8 175
160 1 176
160 2 175
160 9 161
161 1 177
161 3 162
162 4 178
162 9 163
163 9 179
163 7 164
164 10 180
164 4 165
165 9 181
165 9 166
166 4 182
166 3 167
167 1 183
167 2 168
168 10 184
168 7 169
169 1 185
169 10 170
170 6 186
170 10 171
171 8 187
171 9 172
172 7 188
172 2 173
173 9 189
173 9 174
174 5 190
174 6 175
175 10 191
176 8 192
176 4 191
176 2 177
177 10 193
177 7 178
178 10 194
178 10 179
179 6 195
179 1 180
180 3 196
180 6 181
181 9 197
181 9 182
182 10 198
182 1 183
183 10 199
183 9 184
184 7 110
184 3 185
185 9 111
185 2 186
186 2 122
186 6 187
187 3 173
187 10 188
188 9 103
188 1 189
189 8 52
189 3 190
190 7 62
190 9 191
191 10 27
192 2 28
192 2 7
192 1 193
193 9 9
193 3 194
194 2 110
194 6 195
195 3 111
195 5 196
196 1 12
196 3 197
197 3 113
197 1 198
198 4 114
198 4 199
199 9 115
199 10 100